z               x               y          label
59.521136	2.854864	0.908025   D6_1
59.457603	2.946149	0.568480   D6_2
58.839216	2.549205	0.570678   D6_3
58.898083	2.455475	0.907617   D6_4
59.452509	2.963495	0.493094   D5_1
59.421687	3.009414	0.141465   D5_2
58.797967	2.611368	0.140378   D5_3
58.827810	2.564853	0.494661   D5_4
59.419996	3.013040	0.062724   D4_1
59.419731	3.014552	-0.294270  D4_2
58.795336	2.616179	-0.293878  D4_3
58.796251	2.615825	0.064222   D4_4
59.422573	3.006401	-0.370852  D3_1
59.453004	2.960484	-0.724265  D3_2
58.829026	2.563361	-0.723074  D3_3
58.799859	2.609540	-0.371796  D3_4
58.866694	2.428055	0.906496   C6_1
58.782564	2.500513	0.567468   C6_2
58.297021	1.942834	0.570226   C6_3
58.379588	1.869682	0.908301   C6_4
58.767954	2.510360	0.493902   C5_1
58.726649	2.546681	0.140397   C5_2
58.239461	1.990851	0.140738   C5_3
58.282133	1.954529	0.494085   C5_4
58.721021	2.553056	0.064654   C4_1
58.721878	2.551921	-0.293262  C4_2
58.234707	1.994299	-0.293021  C4_3
58.233134	1.995580	0.064864   C4_4
58.725599	2.547592	-0.371855  C3_1
58.768526	2.512732	-0.723650  C3_2
58.281909	1.953918	-0.723620  C3_3
58.240045	1.990330	-0.371836  C3_4
