## Bank 1
# id	l2	ef
0 0.5188 12.478
1 0.5188 12.478
2 0.5188 12.478
3 0.5188 12.478
4 0.5188 12.478
5 0.5188 12.478
6 0.5188 12.478
7 0.5188 12.478
8 0.5188 12.478
9 0.5188 12.478
10 0.5188 12.478
11 0.5188 12.478
12 0.5188 12.478
13 0.5188 12.478
14 0.5188 12.478
15 0.5188 12.478
16 0.5188 12.478
17 0.5188 12.478
18 0.5188 12.478
19 0.5188 12.478
20 0.5188 12.478
21 0.5188 12.478
22 0.5188 12.478
23 0.5188 12.478
24 0.5188 12.478
25 0.5188 12.478
26 0.5188 12.478
27 0.5188 12.478
28 0.5188 12.478
29 0.5188 12.478
30 0.5188 12.478
31 0.5188 12.478
32 0.5188 12.478
33 0.5188 12.478
34 0.5188 12.478
35 0.5188 12.478
36 0.5188 12.478
37 0.5188 12.478
38 0.5188 12.478
39 0.5188 12.478
40 0.5188 12.478
41 0.5188 12.478
42 0.5188 12.478
43 0.5188 12.478
44 0.5188 12.478
45 0.5188 12.478
46 0.5188 12.478
47 0.5188 12.478
48 0.5188 12.478
49 0.5188 12.478
50 0.5188 12.478
51 0.5188 12.478
52 0.5188 12.478
53 0.5188 12.478
54 0.5188 12.478
55 0.5188 12.478
56 0.5188 12.478
57 0.5188 12.478
58 0.5188 12.478
59 0.5188 12.478
60 0.5188 12.478
61 0.5188 12.478
62 0.5188 12.478
63 0.5188 12.478
64 0.5188 12.478
65 0.5188 12.478
66 0.5188 12.478
67 0.5188 12.478
68 0.5188 12.478
69 0.5188 12.478
70 0.5188 12.478
71 0.5188 12.478
72 0.5188 12.478
73 0.5188 12.478
74 0.5188 12.478
75 0.5188 12.478
76 0.5188 12.478
77 0.5188 12.478
78 0.5188 12.478
79 0.5188 12.478
80 0.5188 12.478
81 0.5188 12.478
82 0.5188 12.478
83 0.5188 12.478
84 0.5188 12.478
85 0.5188 12.478
86 0.5188 12.478
87 0.5188 12.478
88 0.5188 12.478
89 0.5188 12.478
90 0.5188 12.478
91 0.5188 12.478
92 0.5188 12.478
93 0.5188 12.478
94 0.5188 12.478
95 0.5188 12.478
96 0.5188 12.478
97 0.5188 12.478
98 0.5188 12.478
99 0.5188 12.478
100 0.5188 12.478
101 0.5188 12.478
102 0.5188 12.478
103 0.5188 12.478
104 0.5188 12.478
105 0.5188 12.478
106 0.5188 12.478
107 0.5188 12.478
108 0.5188 12.478
109 0.5188 12.478
110 0.5188 12.478
111 0.5188 12.478
112 0.5188 12.478
113 0.5188 12.478
114 0.5188 12.478
115 0.5188 12.478
116 0.5188 12.478
117 0.5188 12.478
118 0.5188 12.478
119 0.5188 12.478
120 0.5188 12.478
121 0.5188 12.478
122 0.5188 12.478
123 0.5188 12.478
124 0.5188 12.478
125 0.5188 12.478
126 0.5188 12.478
127 0.5188 12.478
128 0.5188 12.478
129 0.5188 12.478
130 0.5188 12.478
131 0.5188 12.478
132 0.5188 12.478
133 0.5188 12.478
134 0.5188 12.478
135 0.5188 12.478
136 0.5188 12.478
137 0.5188 12.478
138 0.5188 12.478
139 0.5188 12.478
140 0.5188 12.478
141 0.5188 12.478
142 0.5188 12.478
143 0.5188 12.478
144 0.5188 12.478
145 0.5188 12.478
146 0.5188 12.478
147 0.5188 12.478
148 0.5188 12.478
149 0.5188 12.478
150 0.5188 12.478
151 0.5188 12.478
152 0.5188 12.478
153 0.5188 12.478
154 0.5188 12.478
155 0.5188 12.478
156 0.5188 12.478
157 0.5188 12.478
158 0.5188 12.478
159 0.5188 12.478
160 0.5188 12.478
161 0.5188 12.478
162 0.5188 12.478
163 0.5188 12.478
164 0.5188 12.478
165 0.5188 12.478
166 0.5188 12.478
167 0.5188 12.478
168 0.5188 12.478
169 0.5188 12.478
170 0.5188 12.478
171 0.5188 12.478
172 0.5188 12.478
173 0.5188 12.478
174 0.5188 12.478
175 0.5188 12.478
176 0.5188 12.478
177 0.5188 12.478
178 0.5188 12.478
179 0.5188 12.478
180 0.5188 12.478
181 0.5188 12.478
182 0.5188 12.478
183 0.5188 12.478
184 0.5188 12.478
185 0.5188 12.478
186 0.5188 12.478
187 0.5188 12.478
188 0.5188 12.478
189 0.5188 12.478
190 0.5188 12.478
191 0.5188 12.478
192 0.5188 12.478
193 0.5188 12.478
194 0.5188 12.478
195 0.5188 12.478
196 0.5188 12.478
197 0.5188 12.478
198 0.5188 12.478
199 0.5188 12.478
200 0.5188 12.478
201 0.5188 12.478
202 0.5188 12.478
203 0.5188 12.478
204 0.5188 12.478
205 0.5188 12.478
206 0.5188 12.478
207 0.5188 12.478
208 0.5188 12.478
209 0.5188 12.478
210 0.5188 12.478
211 0.5188 12.478
212 0.5188 12.478
213 0.5188 12.478
214 0.5188 12.478
215 0.5188 12.478
216 0.5188 12.478
217 0.5188 12.478
218 0.5188 12.478
219 0.5188 12.478
220 0.5188 12.478
221 0.5188 12.478
222 0.5188 12.478
223 0.5188 12.478
224 0.5188 12.478
225 0.5188 12.478
226 0.5188 12.478
227 0.5188 12.478
228 0.5188 12.478
229 0.5188 12.478
230 0.5188 12.478
231 0.5188 12.478
232 0.5188 12.478
233 0.5188 12.478
234 0.5188 12.478
235 0.5188 12.478
236 0.5188 12.478
237 0.5188 12.478
238 0.5188 12.478
239 0.5188 12.478
240 0.5188 12.478
241 0.5188 12.478
242 0.5188 12.478
243 0.5188 12.478
244 0.5188 12.478
245 0.5188 12.478
246 0.5188 12.478
247 0.5188 12.478
248 0.5188 12.478
249 0.5188 12.478
250 0.5188 12.478
251 0.5188 12.478
252 0.5188 12.478
253 0.5188 12.478
254 0.5188 12.478
255 0.5188 12.478
256 0.5188 12.478
257 0.5188 12.478
258 0.5188 12.478
259 0.5188 12.478
260 0.5188 12.478
261 0.5188 12.478
262 0.5188 12.478
263 0.5188 12.478
264 0.5188 12.478
265 0.5188 12.478
266 0.5188 12.478
267 0.5188 12.478
268 0.5188 12.478
269 0.5188 12.478
270 0.5188 12.478
271 0.5188 12.478
272 0.5188 12.478
273 0.5188 12.478
274 0.5188 12.478
275 0.5188 12.478
276 0.5188 12.478
277 0.5188 12.478
278 0.5188 12.478
279 0.5188 12.478
280 0.5188 12.478
281 0.5188 12.478
282 0.5188 12.478
283 0.5188 12.478
284 0.5188 12.478
285 0.5188 12.478
286 0.5188 12.478
287 0.5188 12.478
288 0.5188 12.478
289 0.5188 12.478
290 0.5188 12.478
291 0.5188 12.478
292 0.5188 12.478
293 0.5188 12.478
294 0.5188 12.478
295 0.5188 12.478
296 0.5188 12.478
297 0.5188 12.478
298 0.5188 12.478
299 0.5188 12.478
300 0.5188 12.478
301 0.5188 12.478
302 0.5188 12.478
303 0.5188 12.478
304 0.5188 12.478
305 0.5188 12.478
306 0.5188 12.478
307 0.5188 12.478
308 0.5188 12.478
309 0.5188 12.478
310 0.5188 12.478
311 0.5188 12.478
312 0.5188 12.478
313 0.5188 12.478
314 0.5188 12.478
315 0.5188 12.478
316 0.5188 12.478
317 0.5188 12.478
318 0.5188 12.478
319 0.5188 12.478
320 0.5188 12.478
321 0.5188 12.478
322 0.5188 12.478
323 0.5188 12.478
324 0.5188 12.478
325 0.5188 12.478
326 0.5188 12.478
327 0.5188 12.478
328 0.5188 12.478
329 0.5188 12.478
330 0.5188 12.478
331 0.5188 12.478
332 0.5188 12.478
333 0.5188 12.478
334 0.5188 12.478
335 0.5188 12.478
336 0.5188 12.478
337 0.5188 12.478
338 0.5188 12.478
339 0.5188 12.478
340 0.5188 12.478
341 0.5188 12.478
342 0.5188 12.478
343 0.5188 12.478
344 0.5188 12.478
345 0.5188 12.478
346 0.5188 12.478
347 0.5188 12.478
348 0.5188 12.478
349 0.5188 12.478
350 0.5188 12.478
351 0.5188 12.478
352 0.5188 12.478
353 0.5188 12.478
354 0.5188 12.478
355 0.5188 12.478
356 0.5188 12.478
357 0.5188 12.478
358 0.5188 12.478
359 0.5188 12.478
360 0.5188 12.478
361 0.5188 12.478
362 0.5188 12.478
363 0.5188 12.478
364 0.5188 12.478
365 0.5188 12.478
366 0.5188 12.478
367 0.5188 12.478
368 0.5188 12.478
369 0.5188 12.478
370 0.5188 12.478
371 0.5188 12.478
372 0.5188 12.478
373 0.5188 12.478
374 0.5188 12.478
375 0.5188 12.478
376 0.5188 12.478
377 0.5188 12.478
378 0.5188 12.478
379 0.5188 12.478
380 0.5188 12.478
381 0.5188 12.478
382 0.5188 12.478
383 0.5188 12.478
384 0.5188 12.478
385 0.5188 12.478
386 0.5188 12.478
387 0.5188 12.478
388 0.5188 12.478
389 0.5188 12.478
390 0.5188 12.478
391 0.5188 12.478
392 0.5188 12.478
393 0.5188 12.478
394 0.5188 12.478
395 0.5188 12.478
396 0.5188 12.478
397 0.5188 12.478
398 0.5188 12.478
399 0.5188 12.478
400 0.5188 12.478
401 0.5188 12.478
402 0.5188 12.478
403 0.5188 12.478
404 0.5188 12.478
405 0.5188 12.478
406 0.5188 12.478
407 0.5188 12.478
408 0.5188 12.478
409 0.5188 12.478
410 0.5188 12.478
411 0.5188 12.478
412 0.5188 12.478
413 0.5188 12.478
414 0.5188 12.478
415 0.5188 12.478
416 0.5188 12.478
417 0.5188 12.478
418 0.5188 12.478
419 0.5188 12.478
420 0.5188 12.478
421 0.5188 12.478
422 0.5188 12.478
423 0.5188 12.478
424 0.5188 12.478
425 0.5188 12.478
426 0.5188 12.478
427 0.5188 12.478
428 0.5188 12.478
429 0.5188 12.478
430 0.5188 12.478
431 0.5188 12.478
432 0.5188 12.478
433 0.5188 12.478
434 0.5188 12.478
435 0.5188 12.478
436 0.5188 12.478
437 0.5188 12.478
438 0.5188 12.478
439 0.5188 12.478
440 0.5188 12.478
441 0.5188 12.478
442 0.5188 12.478
443 0.5188 12.478
444 0.5188 12.478
445 0.5188 12.478
446 0.5188 12.478
447 0.5188 12.478
448 0.5188 12.478
449 0.5188 12.478
450 0.5188 12.478
451 0.5188 12.478
452 0.5188 12.478
453 0.5188 12.478
454 0.5188 12.478
455 0.5188 12.478
456 0.5188 12.478
457 0.5188 12.478
458 0.5188 12.478
459 0.5188 12.478
460 0.5188 12.478
461 0.5188 12.478
462 0.5188 12.478
463 0.5188 12.478
464 0.5188 12.478
465 0.5188 12.478
466 0.5188 12.478
467 0.5188 12.478
468 0.5188 12.478
469 0.5188 12.478
470 0.5188 12.478
471 0.5188 12.478
472 0.5188 12.478
473 0.5188 12.478
474 0.5188 12.478
475 0.5188 12.478
476 0.5188 12.478
477 0.5188 12.478
478 0.5188 12.478
479 0.5188 12.478
480 0.5188 12.478
481 0.5188 12.478
482 0.5188 12.478
483 0.5188 12.478
484 0.5188 12.478
485 0.5188 12.478
486 0.5188 12.478
487 0.5188 12.478
488 0.5188 12.478
489 0.5188 12.478
490 0.5188 12.478
491 0.5188 12.478
492 0.5188 12.478
493 0.5188 12.478
494 0.5188 12.478
495 0.5188 12.478
496 0.5188 12.478
497 0.5188 12.478
498 0.5188 12.478
499 0.5188 12.478
500 0.5188 12.478
501 0.5188 12.478
502 0.5188 12.478
503 0.5188 12.478
504 0.5188 12.478
505 0.5188 12.478
506 0.5188 12.478
507 0.5188 12.478
508 0.5188 12.478
509 0.5188 12.478
510 0.5188 12.478
511 0.5188 12.478
512 0.5188 12.478
513 0.5188 12.478
514 0.5188 12.478
515 0.5188 12.478
516 0.5188 12.478
517 0.5188 12.478
518 0.5188 12.478
519 0.5188 12.478
520 0.5188 12.478
521 0.5188 12.478
522 0.5188 12.478
523 0.5188 12.478
524 0.5188 12.478
525 0.5188 12.478
526 0.5188 12.478
527 0.5188 12.478
528 0.5188 12.478
529 0.5188 12.478
530 0.5188 12.478
531 0.5188 12.478
532 0.5188 12.478
533 0.5188 12.478
534 0.5188 12.478
535 0.5188 12.478
536 0.5188 12.478
537 0.5188 12.478
538 0.5188 12.478
539 0.5188 12.478
540 0.5188 12.478
541 0.5188 12.478
542 0.5188 12.478
543 0.5188 12.478
544 0.5188 12.478
545 0.5188 12.478
546 0.5188 12.478
547 0.5188 12.478
548 0.5188 12.478
549 0.5188 12.478
550 0.5188 12.478
551 0.5188 12.478
552 0.5188 12.478
553 0.5188 12.478
554 0.5188 12.478
555 0.5188 12.478
556 0.5188 12.478
557 0.5188 12.478
558 0.5188 12.478
559 0.5188 12.478
560 0.5188 12.478
561 0.5188 12.478
562 0.5188 12.478
563 0.5188 12.478
564 0.5188 12.478
565 0.5188 12.478
566 0.5188 12.478
567 0.5188 12.478
568 0.5188 12.478
569 0.5188 12.478
570 0.5188 12.478
571 0.5188 12.478
572 0.5188 12.478
573 0.5188 12.478
574 0.5188 12.478
575 0.5188 12.478
576 0.5188 12.478
577 0.5188 12.478
578 0.5188 12.478
579 0.5188 12.478
580 0.5188 12.478
581 0.5188 12.478
582 0.5188 12.478
583 0.5188 12.478
584 0.5188 12.478
585 0.5188 12.478
586 0.5188 12.478
587 0.5188 12.478
588 0.5188 12.478
589 0.5188 12.478
590 0.5188 12.478
591 0.5188 12.478
592 0.5188 12.478
593 0.5188 12.478
594 0.5188 12.478
595 0.5188 12.478
596 0.5188 12.478
597 0.5188 12.478
598 0.5188 12.478
599 0.5188 12.478
600 0.5188 12.478
601 0.5188 12.478
602 0.5188 12.478
603 0.5188 12.478
604 0.5188 12.478
605 0.5188 12.478
606 0.5188 12.478
607 0.5188 12.478
608 0.5188 12.478
609 0.5188 12.478
610 0.5188 12.478
611 0.5188 12.478
612 0.5188 12.478
613 0.5188 12.478
614 0.5188 12.478
615 0.5188 12.478
616 0.5188 12.478
617 0.5188 12.478
618 0.5188 12.478
619 0.5188 12.478
620 0.5188 12.478
621 0.5188 12.478
622 0.5188 12.478
623 0.5188 12.478
624 0.5188 12.478
625 0.5188 12.478
626 0.5188 12.478
627 0.5188 12.478
628 0.5188 12.478
629 0.5188 12.478
630 0.5188 12.478
631 0.5188 12.478
632 0.5188 12.478
633 0.5188 12.478
634 0.5188 12.478
635 0.5188 12.478
636 0.5188 12.478
637 0.5188 12.478
638 0.5188 12.478
639 0.5188 12.478
640 0.5188 12.478
641 0.5188 12.478
642 0.5188 12.478
643 0.5188 12.478
644 0.5188 12.478
645 0.5188 12.478
646 0.5188 12.478
647 0.5188 12.478
648 0.5188 12.478
649 0.5188 12.478
650 0.5188 12.478
651 0.5188 12.478
652 0.5188 12.478
653 0.5188 12.478
654 0.5188 12.478
655 0.5188 12.478
656 0.5188 12.478
657 0.5188 12.478
658 0.5188 12.478
659 0.5188 12.478
660 0.5188 12.478
661 0.5188 12.478
662 0.5188 12.478
663 0.5188 12.478
664 0.5188 12.478
665 0.5188 12.478
666 0.5188 12.478
667 0.5188 12.478
668 0.5188 12.478
669 0.5188 12.478
670 0.5188 12.478
671 0.5188 12.478
672 0.5188 12.478
673 0.5188 12.478
674 0.5188 12.478
675 0.5188 12.478
676 0.5188 12.478
677 0.5188 12.478
678 0.5188 12.478
679 0.5188 12.478
680 0.5188 12.478
681 0.5188 12.478
682 0.5188 12.478
683 0.5188 12.478
684 0.5188 12.478
685 0.5188 12.478
686 0.5188 12.478
687 0.5188 12.478
688 0.5188 12.478
689 0.5188 12.478
690 0.5188 12.478
691 0.5188 12.478
692 0.5188 12.478
693 0.5188 12.478
694 0.5188 12.478
695 0.5188 12.478
696 0.5188 12.478
697 0.5188 12.478
698 0.5188 12.478
699 0.5188 12.478
700 0.5188 12.478
701 0.5188 12.478
702 0.5188 12.478
703 0.5188 12.478
704 0.5188 12.478
705 0.5188 12.478
706 0.5188 12.478
707 0.5188 12.478
708 0.5188 12.478
709 0.5188 12.478
710 0.5188 12.478
711 0.5188 12.478
712 0.5188 12.478
713 0.5188 12.478
714 0.5188 12.478
715 0.5188 12.478
716 0.5188 12.478
717 0.5188 12.478
718 0.5188 12.478
719 0.5188 12.478
720 0.5188 12.478
721 0.5188 12.478
722 0.5188 12.478
723 0.5188 12.478
724 0.5188 12.478
725 0.5188 12.478
726 0.5188 12.478
727 0.5188 12.478
728 0.5188 12.478
729 0.5188 12.478
730 0.5188 12.478
731 0.5188 12.478
732 0.5188 12.478
733 0.5188 12.478
734 0.5188 12.478
735 0.5188 12.478
736 0.5188 12.478
737 0.5188 12.478
738 0.5188 12.478
739 0.5188 12.478
740 0.5188 12.478
741 0.5188 12.478
742 0.5188 12.478
743 0.5188 12.478
744 0.5188 12.478
745 0.5188 12.478
746 0.5188 12.478
747 0.5188 12.478
748 0.5188 12.478
749 0.5188 12.478
750 0.5188 12.478
751 0.5188 12.478
752 0.5188 12.478
753 0.5188 12.478
754 0.5188 12.478
755 0.5188 12.478
756 0.5188 12.478
757 0.5188 12.478
758 0.5188 12.478
759 0.5188 12.478
760 0.5188 12.478
761 0.5188 12.478
762 0.5188 12.478
763 0.5188 12.478
764 0.5188 12.478
765 0.5188 12.478
766 0.5188 12.478
767 0.5188 12.478
768 0.5188 12.478
769 0.5188 12.478
770 0.5188 12.478
771 0.5188 12.478
772 0.5188 12.478
773 0.5188 12.478
774 0.5188 12.478
775 0.5188 12.478
776 0.5188 12.478
777 0.5188 12.478
778 0.5188 12.478
779 0.5188 12.478
780 0.5188 12.478
781 0.5188 12.478
782 0.5188 12.478
783 0.5188 12.478
784 0.5188 12.478
785 0.5188 12.478
786 0.5188 12.478
787 0.5188 12.478
788 0.5188 12.478
789 0.5188 12.478
790 0.5188 12.478
791 0.5188 12.478
792 0.5188 12.478
793 0.5188 12.478
794 0.5188 12.478
795 0.5188 12.478
796 0.5188 12.478
797 0.5188 12.478
798 0.5188 12.478
799 0.5188 12.478
800 0.5188 12.478
801 0.5188 12.478
802 0.5188 12.478
803 0.5188 12.478
804 0.5188 12.478
805 0.5188 12.478
806 0.5188 12.478
807 0.5188 12.478
808 0.5188 12.478
809 0.5188 12.478
810 0.5188 12.478
811 0.5188 12.478
812 0.5188 12.478
813 0.5188 12.478
814 0.5188 12.478
815 0.5188 12.478
816 0.5188 12.478
817 0.5188 12.478
818 0.5188 12.478
819 0.5188 12.478
820 0.5188 12.478
821 0.5188 12.478
822 0.5188 12.478
823 0.5188 12.478
824 0.5188 12.478
825 0.5188 12.478
826 0.5188 12.478
827 0.5188 12.478
828 0.5188 12.478
829 0.5188 12.478
830 0.5188 12.478
831 0.5188 12.478
832 0.5188 12.478
833 0.5188 12.478
834 0.5188 12.478
835 0.5188 12.478
836 0.5188 12.478
837 0.5188 12.478
838 0.5188 12.478
839 0.5188 12.478
840 0.5188 12.478
841 0.5188 12.478
842 0.5188 12.478
843 0.5188 12.478
844 0.5188 12.478
845 0.5188 12.478
846 0.5188 12.478
847 0.5188 12.478
848 0.5188 12.478
849 0.5188 12.478
850 0.5188 12.478
851 0.5188 12.478
852 0.5188 12.478
853 0.5188 12.478
854 0.5188 12.478
855 0.5188 12.478
856 0.5188 12.478
857 0.5188 12.478
858 0.5188 12.478
859 0.5188 12.478
860 0.5188 12.478
861 0.5188 12.478
862 0.5188 12.478
863 0.5188 12.478
864 0.5188 12.478
865 0.5188 12.478
866 0.5188 12.478
867 0.5188 12.478
868 0.5188 12.478
869 0.5188 12.478
870 0.5188 12.478
871 0.5188 12.478
872 0.5188 12.478
873 0.5188 12.478
874 0.5188 12.478
875 0.5188 12.478
876 0.5188 12.478
877 0.5188 12.478
878 0.5188 12.478
879 0.5188 12.478
880 0.5188 12.478
881 0.5188 12.478
882 0.5188 12.478
883 0.5188 12.478
884 0.5188 12.478
885 0.5188 12.478
886 0.5188 12.478
887 0.5188 12.478
888 0.5188 12.478
889 0.5188 12.478
890 0.5188 12.478
891 0.5188 12.478
892 0.5188 12.478
893 0.5188 12.478
894 0.5188 12.478
895 0.5188 12.478
896 0.5188 12.478
897 0.5188 12.478
898 0.5188 12.478
899 0.5188 12.478
900 0.5188 12.478
901 0.5188 12.478
902 0.5188 12.478
903 0.5188 12.478
904 0.5188 12.478
905 0.5188 12.478
906 0.5188 12.478
907 0.5188 12.478
908 0.5188 12.478
909 0.5188 12.478
910 0.5188 12.478
911 0.5188 12.478
912 0.5188 12.478
913 0.5188 12.478
914 0.5188 12.478
915 0.5188 12.478
916 0.5188 12.478
917 0.5188 12.478
918 0.5188 12.478
919 0.5188 12.478
920 0.5188 12.478
921 0.5188 12.478
922 0.5188 12.478
923 0.5188 12.478
924 0.5188 12.478
925 0.5188 12.478
926 0.5188 12.478
927 0.5188 12.478
928 0.5188 12.478
929 0.5188 12.478
930 0.5188 12.478
931 0.5188 12.478
932 0.5188 12.478
933 0.5188 12.478
934 0.5188 12.478
935 0.5188 12.478
936 0.5188 12.478
937 0.5188 12.478
938 0.5188 12.478
939 0.5188 12.478
940 0.5188 12.478
941 0.5188 12.478
942 0.5188 12.478
943 0.5188 12.478
944 0.5188 12.478
945 0.5188 12.478
946 0.5188 12.478
947 0.5188 12.478
948 0.5188 12.478
949 0.5188 12.478
950 0.5188 12.478
951 0.5188 12.478
952 0.5188 12.478
953 0.5188 12.478
954 0.5188 12.478
955 0.5188 12.478
956 0.5188 12.478
957 0.5188 12.478
958 0.5188 12.478
959 0.5188 12.478
960 0.5188 12.478
961 0.5188 12.478
962 0.5188 12.478
963 0.5188 12.478
964 0.5188 12.478
965 0.5188 12.478
966 0.5188 12.478
967 0.5188 12.478
968 0.5188 12.478
969 0.5188 12.478
970 0.5188 12.478
971 0.5188 12.478
972 0.5188 12.478
973 0.5188 12.478
974 0.5188 12.478
975 0.5188 12.478
976 0.5188 12.478
977 0.5188 12.478
978 0.5188 12.478
979 0.5188 12.478
980 0.5188 12.478
981 0.5188 12.478
982 0.5188 12.478
983 0.5188 12.478
984 0.5188 12.478
985 0.5188 12.478
986 0.5188 12.478
987 0.5188 12.478
988 0.5188 12.478
989 0.5188 12.478
990 0.5188 12.478
991 0.5188 12.478
992 0.5188 12.478
993 0.5188 12.478
994 0.5188 12.478
995 0.5188 12.478
996 0.5188 12.478
997 0.5188 12.478
998 0.5188 12.478
999 0.5188 12.478
1000 0.5188 12.478
1001 0.5188 12.478
1002 0.5188 12.478
1003 0.5188 12.478
1004 0.5188 12.478
1005 0.5188 12.478
1006 0.5188 12.478
1007 0.5188 12.478
1008 0.5188 12.478
1009 0.5188 12.478
1010 0.5188 12.478
1011 0.5188 12.478
1012 0.5188 12.478
1013 0.5188 12.478
1014 0.5188 12.478
1015 0.5188 12.478
1016 0.5188 12.478
1017 0.5188 12.478
1018 0.5188 12.478
1019 0.5188 12.478
1020 0.5188 12.478
1021 0.5188 12.478
1022 0.5188 12.478
1023 0.5188 12.478
