## Bank 16
# id	l2	ef
20480 0.5188 12.478
20481 0.5188 12.478
20482 0.5188 12.478
20483 0.5188 12.478
20484 0.5188 12.478
20485 0.5188 12.478
20486 0.5188 12.478
20487 0.5188 12.478
20488 0.5188 12.478
20489 0.5188 12.478
20490 0.5188 12.478
20491 0.5188 12.478
20492 0.5188 12.478
20493 0.5188 12.478
20494 0.5188 12.478
20495 0.5188 12.478
20496 0.5188 12.478
20497 0.5188 12.478
20498 0.5188 12.478
20499 0.5188 12.478
20500 0.5188 12.478
20501 0.5188 12.478
20502 0.5188 12.478
20503 0.5188 12.478
20504 0.5188 12.478
20505 0.5188 12.478
20506 0.5188 12.478
20507 0.5188 12.478
20508 0.5188 12.478
20509 0.5188 12.478
20510 0.5188 12.478
20511 0.5188 12.478
20512 0.5188 12.478
20513 0.5188 12.478
20514 0.5188 12.478
20515 0.5188 12.478
20516 0.5188 12.478
20517 0.5188 12.478
20518 0.5188 12.478
20519 0.5188 12.478
20520 0.5188 12.478
20521 0.5188 12.478
20522 0.5188 12.478
20523 0.5188 12.478
20524 0.5188 12.478
20525 0.5188 12.478
20526 0.5188 12.478
20527 0.5188 12.478
20528 0.5188 12.478
20529 0.5188 12.478
20530 0.5188 12.478
20531 0.5188 12.478
20532 0.5188 12.478
20533 0.5188 12.478
20534 0.5188 12.478
20535 0.5188 12.478
20536 0.5188 12.478
20537 0.5188 12.478
20538 0.5188 12.478
20539 0.5188 12.478
20540 0.5188 12.478
20541 0.5188 12.478
20542 0.5188 12.478
20543 0.5188 12.478
20544 0.5188 12.478
20545 0.5188 12.478
20546 0.5188 12.478
20547 0.5188 12.478
20548 0.5188 12.478
20549 0.5188 12.478
20550 0.5188 12.478
20551 0.5188 12.478
20552 0.5188 12.478
20553 0.5188 12.478
20554 0.5188 12.478
20555 0.5188 12.478
20556 0.5188 12.478
20557 0.5188 12.478
20558 0.5188 12.478
20559 0.5188 12.478
20560 0.5188 12.478
20561 0.5188 12.478
20562 0.5188 12.478
20563 0.5188 12.478
20564 0.5188 12.478
20565 0.5188 12.478
20566 0.5188 12.478
20567 0.5188 12.478
20568 0.5188 12.478
20569 0.5188 12.478
20570 0.5188 12.478
20571 0.5188 12.478
20572 0.5188 12.478
20573 0.5188 12.478
20574 0.5188 12.478
20575 0.5188 12.478
20576 0.5188 12.478
20577 0.5188 12.478
20578 0.5188 12.478
20579 0.5188 12.478
20580 0.5188 12.478
20581 0.5188 12.478
20582 0.5188 12.478
20583 0.5188 12.478
20584 0.5188 12.478
20585 0.5188 12.478
20586 0.5188 12.478
20587 0.5188 12.478
20588 0.5188 12.478
20589 0.5188 12.478
20590 0.5188 12.478
20591 0.5188 12.478
20592 0.5188 12.478
20593 0.5188 12.478
20594 0.5188 12.478
20595 0.5188 12.478
20596 0.5188 12.478
20597 0.5188 12.478
20598 0.5188 12.478
20599 0.5188 12.478
20600 0.5188 12.478
20601 0.5188 12.478
20602 0.5188 12.478
20603 0.5188 12.478
20604 0.5188 12.478
20605 0.5188 12.478
20606 0.5188 12.478
20607 0.5188 12.478
20608 0.5188 12.478
20609 0.5188 12.478
20610 0.5188 12.478
20611 0.5188 12.478
20612 0.5188 12.478
20613 0.5188 12.478
20614 0.5188 12.478
20615 0.5188 12.478
20616 0.5188 12.478
20617 0.5188 12.478
20618 0.5188 12.478
20619 0.5188 12.478
20620 0.5188 12.478
20621 0.5188 12.478
20622 0.5188 12.478
20623 0.5188 12.478
20624 0.5188 12.478
20625 0.5188 12.478
20626 0.5188 12.478
20627 0.5188 12.478
20628 0.5188 12.478
20629 0.5188 12.478
20630 0.5188 12.478
20631 0.5188 12.478
20632 0.5188 12.478
20633 0.5188 12.478
20634 0.5188 12.478
20635 0.5188 12.478
20636 0.5188 12.478
20637 0.5188 12.478
20638 0.5188 12.478
20639 0.5188 12.478
20640 0.5188 12.478
20641 0.5188 12.478
20642 0.5188 12.478
20643 0.5188 12.478
20644 0.5188 12.478
20645 0.5188 12.478
20646 0.5188 12.478
20647 0.5188 12.478
20648 0.5188 12.478
20649 0.5188 12.478
20650 0.5188 12.478
20651 0.5188 12.478
20652 0.5188 12.478
20653 0.5188 12.478
20654 0.5188 12.478
20655 0.5188 12.478
20656 0.5188 12.478
20657 0.5188 12.478
20658 0.5188 12.478
20659 0.5188 12.478
20660 0.5188 12.478
20661 0.5188 12.478
20662 0.5188 12.478
20663 0.5188 12.478
20664 0.5188 12.478
20665 0.5188 12.478
20666 0.5188 12.478
20667 0.5188 12.478
20668 0.5188 12.478
20669 0.5188 12.478
20670 0.5188 12.478
20671 0.5188 12.478
20672 0.5188 12.478
20673 0.5188 12.478
20674 0.5188 12.478
20675 0.5188 12.478
20676 0.5188 12.478
20677 0.5188 12.478
20678 0.5188 12.478
20679 0.5188 12.478
20680 0.5188 12.478
20681 0.5188 12.478
20682 0.5188 12.478
20683 0.5188 12.478
20684 0.5188 12.478
20685 0.5188 12.478
20686 0.5188 12.478
20687 0.5188 12.478
20688 0.5188 12.478
20689 0.5188 12.478
20690 0.5188 12.478
20691 0.5188 12.478
20692 0.5188 12.478
20693 0.5188 12.478
20694 0.5188 12.478
20695 0.5188 12.478
20696 0.5188 12.478
20697 0.5188 12.478
20698 0.5188 12.478
20699 0.5188 12.478
20700 0.5188 12.478
20701 0.5188 12.478
20702 0.5188 12.478
20703 0.5188 12.478
20704 0.5188 12.478
20705 0.5188 12.478
20706 0.5188 12.478
20707 0.5188 12.478
20708 0.5188 12.478
20709 0.5188 12.478
20710 0.5188 12.478
20711 0.5188 12.478
20712 0.5188 12.478
20713 0.5188 12.478
20714 0.5188 12.478
20715 0.5188 12.478
20716 0.5188 12.478
20717 0.5188 12.478
20718 0.5188 12.478
20719 0.5188 12.478
20720 0.5188 12.478
20721 0.5188 12.478
20722 0.5188 12.478
20723 0.5188 12.478
20724 0.5188 12.478
20725 0.5188 12.478
20726 0.5188 12.478
20727 0.5188 12.478
20728 0.5188 12.478
20729 0.5188 12.478
20730 0.5188 12.478
20731 0.5188 12.478
20732 0.5188 12.478
20733 0.5188 12.478
20734 0.5188 12.478
20735 0.5188 12.478
20736 0.5188 12.478
20737 0.5188 12.478
20738 0.5188 12.478
20739 0.5188 12.478
20740 0.5188 12.478
20741 0.5188 12.478
20742 0.5188 12.478
20743 0.5188 12.478
20744 0.5188 12.478
20745 0.5188 12.478
20746 0.5188 12.478
20747 0.5188 12.478
20748 0.5188 12.478
20749 0.5188 12.478
20750 0.5188 12.478
20751 0.5188 12.478
20752 0.5188 12.478
20753 0.5188 12.478
20754 0.5188 12.478
20755 0.5188 12.478
20756 0.5188 12.478
20757 0.5188 12.478
20758 0.5188 12.478
20759 0.5188 12.478
20760 0.5188 12.478
20761 0.5188 12.478
20762 0.5188 12.478
20763 0.5188 12.478
20764 0.5188 12.478
20765 0.5188 12.478
20766 0.5188 12.478
20767 0.5188 12.478
20768 0.5188 12.478
20769 0.5188 12.478
20770 0.5188 12.478
20771 0.5188 12.478
20772 0.5188 12.478
20773 0.5188 12.478
20774 0.5188 12.478
20775 0.5188 12.478
20776 0.5188 12.478
20777 0.5188 12.478
20778 0.5188 12.478
20779 0.5188 12.478
20780 0.5188 12.478
20781 0.5188 12.478
20782 0.5188 12.478
20783 0.5188 12.478
20784 0.5188 12.478
20785 0.5188 12.478
20786 0.5188 12.478
20787 0.5188 12.478
20788 0.5188 12.478
20789 0.5188 12.478
20790 0.5188 12.478
20791 0.5188 12.478
20792 0.5188 12.478
20793 0.5188 12.478
20794 0.5188 12.478
20795 0.5188 12.478
20796 0.5188 12.478
20797 0.5188 12.478
20798 0.5188 12.478
20799 0.5188 12.478
20800 0.5188 12.478
20801 0.5188 12.478
20802 0.5188 12.478
20803 0.5188 12.478
20804 0.5188 12.478
20805 0.5188 12.478
20806 0.5188 12.478
20807 0.5188 12.478
20808 0.5188 12.478
20809 0.5188 12.478
20810 0.5188 12.478
20811 0.5188 12.478
20812 0.5188 12.478
20813 0.5188 12.478
20814 0.5188 12.478
20815 0.5188 12.478
20816 0.5188 12.478
20817 0.5188 12.478
20818 0.5188 12.478
20819 0.5188 12.478
20820 0.5188 12.478
20821 0.5188 12.478
20822 0.5188 12.478
20823 0.5188 12.478
20824 0.5188 12.478
20825 0.5188 12.478
20826 0.5188 12.478
20827 0.5188 12.478
20828 0.5188 12.478
20829 0.5188 12.478
20830 0.5188 12.478
20831 0.5188 12.478
20832 0.5188 12.478
20833 0.5188 12.478
20834 0.5188 12.478
20835 0.5188 12.478
20836 0.5188 12.478
20837 0.5188 12.478
20838 0.5188 12.478
20839 0.5188 12.478
20840 0.5188 12.478
20841 0.5188 12.478
20842 0.5188 12.478
20843 0.5188 12.478
20844 0.5188 12.478
20845 0.5188 12.478
20846 0.5188 12.478
20847 0.5188 12.478
20848 0.5188 12.478
20849 0.5188 12.478
20850 0.5188 12.478
20851 0.5188 12.478
20852 0.5188 12.478
20853 0.5188 12.478
20854 0.5188 12.478
20855 0.5188 12.478
20856 0.5188 12.478
20857 0.5188 12.478
20858 0.5188 12.478
20859 0.5188 12.478
20860 0.5188 12.478
20861 0.5188 12.478
20862 0.5188 12.478
20863 0.5188 12.478
20864 0.5188 12.478
20865 0.5188 12.478
20866 0.5188 12.478
20867 0.5188 12.478
20868 0.5188 12.478
20869 0.5188 12.478
20870 0.5188 12.478
20871 0.5188 12.478
20872 0.5188 12.478
20873 0.5188 12.478
20874 0.5188 12.478
20875 0.5188 12.478
20876 0.5188 12.478
20877 0.5188 12.478
20878 0.5188 12.478
20879 0.5188 12.478
20880 0.5188 12.478
20881 0.5188 12.478
20882 0.5188 12.478
20883 0.5188 12.478
20884 0.5188 12.478
20885 0.5188 12.478
20886 0.5188 12.478
20887 0.5188 12.478
20888 0.5188 12.478
20889 0.5188 12.478
20890 0.5188 12.478
20891 0.5188 12.478
20892 0.5188 12.478
20893 0.5188 12.478
20894 0.5188 12.478
20895 0.5188 12.478
20896 0.5188 12.478
20897 0.5188 12.478
20898 0.5188 12.478
20899 0.5188 12.478
20900 0.5188 12.478
20901 0.5188 12.478
20902 0.5188 12.478
20903 0.5188 12.478
20904 0.5188 12.478
20905 0.5188 12.478
20906 0.5188 12.478
20907 0.5188 12.478
20908 0.5188 12.478
20909 0.5188 12.478
20910 0.5188 12.478
20911 0.5188 12.478
20912 0.5188 12.478
20913 0.5188 12.478
20914 0.5188 12.478
20915 0.5188 12.478
20916 0.5188 12.478
20917 0.5188 12.478
20918 0.5188 12.478
20919 0.5188 12.478
20920 0.5188 12.478
20921 0.5188 12.478
20922 0.5188 12.478
20923 0.5188 12.478
20924 0.5188 12.478
20925 0.5188 12.478
20926 0.5188 12.478
20927 0.5188 12.478
20928 0.5188 12.478
20929 0.5188 12.478
20930 0.5188 12.478
20931 0.5188 12.478
20932 0.5188 12.478
20933 0.5188 12.478
20934 0.5188 12.478
20935 0.5188 12.478
20936 0.5188 12.478
20937 0.5188 12.478
20938 0.5188 12.478
20939 0.5188 12.478
20940 0.5188 12.478
20941 0.5188 12.478
20942 0.5188 12.478
20943 0.5188 12.478
20944 0.5188 12.478
20945 0.5188 12.478
20946 0.5188 12.478
20947 0.5188 12.478
20948 0.5188 12.478
20949 0.5188 12.478
20950 0.5188 12.478
20951 0.5188 12.478
20952 0.5188 12.478
20953 0.5188 12.478
20954 0.5188 12.478
20955 0.5188 12.478
20956 0.5188 12.478
20957 0.5188 12.478
20958 0.5188 12.478
20959 0.5188 12.478
20960 0.5188 12.478
20961 0.5188 12.478
20962 0.5188 12.478
20963 0.5188 12.478
20964 0.5188 12.478
20965 0.5188 12.478
20966 0.5188 12.478
20967 0.5188 12.478
20968 0.5188 12.478
20969 0.5188 12.478
20970 0.5188 12.478
20971 0.5188 12.478
20972 0.5188 12.478
20973 0.5188 12.478
20974 0.5188 12.478
20975 0.5188 12.478
20976 0.5188 12.478
20977 0.5188 12.478
20978 0.5188 12.478
20979 0.5188 12.478
20980 0.5188 12.478
20981 0.5188 12.478
20982 0.5188 12.478
20983 0.5188 12.478
20984 0.5188 12.478
20985 0.5188 12.478
20986 0.5188 12.478
20987 0.5188 12.478
20988 0.5188 12.478
20989 0.5188 12.478
20990 0.5188 12.478
20991 0.5188 12.478
20992 0.5188 12.478
20993 0.5188 12.478
20994 0.5188 12.478
20995 0.5188 12.478
20996 0.5188 12.478
20997 0.5188 12.478
20998 0.5188 12.478
20999 0.5188 12.478
21000 0.5188 12.478
21001 0.5188 12.478
21002 0.5188 12.478
21003 0.5188 12.478
21004 0.5188 12.478
21005 0.5188 12.478
21006 0.5188 12.478
21007 0.5188 12.478
21008 0.5188 12.478
21009 0.5188 12.478
21010 0.5188 12.478
21011 0.5188 12.478
21012 0.5188 12.478
21013 0.5188 12.478
21014 0.5188 12.478
21015 0.5188 12.478
21016 0.5188 12.478
21017 0.5188 12.478
21018 0.5188 12.478
21019 0.5188 12.478
21020 0.5188 12.478
21021 0.5188 12.478
21022 0.5188 12.478
21023 0.5188 12.478
21024 0.5188 12.478
21025 0.5188 12.478
21026 0.5188 12.478
21027 0.5188 12.478
21028 0.5188 12.478
21029 0.5188 12.478
21030 0.5188 12.478
21031 0.5188 12.478
21032 0.5188 12.478
21033 0.5188 12.478
21034 0.5188 12.478
21035 0.5188 12.478
21036 0.5188 12.478
21037 0.5188 12.478
21038 0.5188 12.478
21039 0.5188 12.478
21040 0.5188 12.478
21041 0.5188 12.478
21042 0.5188 12.478
21043 0.5188 12.478
21044 0.5188 12.478
21045 0.5188 12.478
21046 0.5188 12.478
21047 0.5188 12.478
21048 0.5188 12.478
21049 0.5188 12.478
21050 0.5188 12.478
21051 0.5188 12.478
21052 0.5188 12.478
21053 0.5188 12.478
21054 0.5188 12.478
21055 0.5188 12.478
21056 0.5188 12.478
21057 0.5188 12.478
21058 0.5188 12.478
21059 0.5188 12.478
21060 0.5188 12.478
21061 0.5188 12.478
21062 0.5188 12.478
21063 0.5188 12.478
21064 0.5188 12.478
21065 0.5188 12.478
21066 0.5188 12.478
21067 0.5188 12.478
21068 0.5188 12.478
21069 0.5188 12.478
21070 0.5188 12.478
21071 0.5188 12.478
21072 0.5188 12.478
21073 0.5188 12.478
21074 0.5188 12.478
21075 0.5188 12.478
21076 0.5188 12.478
21077 0.5188 12.478
21078 0.5188 12.478
21079 0.5188 12.478
21080 0.5188 12.478
21081 0.5188 12.478
21082 0.5188 12.478
21083 0.5188 12.478
21084 0.5188 12.478
21085 0.5188 12.478
21086 0.5188 12.478
21087 0.5188 12.478
21088 0.5188 12.478
21089 0.5188 12.478
21090 0.5188 12.478
21091 0.5188 12.478
21092 0.5188 12.478
21093 0.5188 12.478
21094 0.5188 12.478
21095 0.5188 12.478
21096 0.5188 12.478
21097 0.5188 12.478
21098 0.5188 12.478
21099 0.5188 12.478
21100 0.5188 12.478
21101 0.5188 12.478
21102 0.5188 12.478
21103 0.5188 12.478
21104 0.5188 12.478
21105 0.5188 12.478
21106 0.5188 12.478
21107 0.5188 12.478
21108 0.5188 12.478
21109 0.5188 12.478
21110 0.5188 12.478
21111 0.5188 12.478
21112 0.5188 12.478
21113 0.5188 12.478
21114 0.5188 12.478
21115 0.5188 12.478
21116 0.5188 12.478
21117 0.5188 12.478
21118 0.5188 12.478
21119 0.5188 12.478
21120 0.5188 12.478
21121 0.5188 12.478
21122 0.5188 12.478
21123 0.5188 12.478
21124 0.5188 12.478
21125 0.5188 12.478
21126 0.5188 12.478
21127 0.5188 12.478
21128 0.5188 12.478
21129 0.5188 12.478
21130 0.5188 12.478
21131 0.5188 12.478
21132 0.5188 12.478
21133 0.5188 12.478
21134 0.5188 12.478
21135 0.5188 12.478
21136 0.5188 12.478
21137 0.5188 12.478
21138 0.5188 12.478
21139 0.5188 12.478
21140 0.5188 12.478
21141 0.5188 12.478
21142 0.5188 12.478
21143 0.5188 12.478
21144 0.5188 12.478
21145 0.5188 12.478
21146 0.5188 12.478
21147 0.5188 12.478
21148 0.5188 12.478
21149 0.5188 12.478
21150 0.5188 12.478
21151 0.5188 12.478
21152 0.5188 12.478
21153 0.5188 12.478
21154 0.5188 12.478
21155 0.5188 12.478
21156 0.5188 12.478
21157 0.5188 12.478
21158 0.5188 12.478
21159 0.5188 12.478
21160 0.5188 12.478
21161 0.5188 12.478
21162 0.5188 12.478
21163 0.5188 12.478
21164 0.5188 12.478
21165 0.5188 12.478
21166 0.5188 12.478
21167 0.5188 12.478
21168 0.5188 12.478
21169 0.5188 12.478
21170 0.5188 12.478
21171 0.5188 12.478
21172 0.5188 12.478
21173 0.5188 12.478
21174 0.5188 12.478
21175 0.5188 12.478
21176 0.5188 12.478
21177 0.5188 12.478
21178 0.5188 12.478
21179 0.5188 12.478
21180 0.5188 12.478
21181 0.5188 12.478
21182 0.5188 12.478
21183 0.5188 12.478
21184 0.5188 12.478
21185 0.5188 12.478
21186 0.5188 12.478
21187 0.5188 12.478
21188 0.5188 12.478
21189 0.5188 12.478
21190 0.5188 12.478
21191 0.5188 12.478
21192 0.5188 12.478
21193 0.5188 12.478
21194 0.5188 12.478
21195 0.5188 12.478
21196 0.5188 12.478
21197 0.5188 12.478
21198 0.5188 12.478
21199 0.5188 12.478
21200 0.5188 12.478
21201 0.5188 12.478
21202 0.5188 12.478
21203 0.5188 12.478
21204 0.5188 12.478
21205 0.5188 12.478
21206 0.5188 12.478
21207 0.5188 12.478
21208 0.5188 12.478
21209 0.5188 12.478
21210 0.5188 12.478
21211 0.5188 12.478
21212 0.5188 12.478
21213 0.5188 12.478
21214 0.5188 12.478
21215 0.5188 12.478
21216 0.5188 12.478
21217 0.5188 12.478
21218 0.5188 12.478
21219 0.5188 12.478
21220 0.5188 12.478
21221 0.5188 12.478
21222 0.5188 12.478
21223 0.5188 12.478
21224 0.5188 12.478
21225 0.5188 12.478
21226 0.5188 12.478
21227 0.5188 12.478
21228 0.5188 12.478
21229 0.5188 12.478
21230 0.5188 12.478
21231 0.5188 12.478
21232 0.5188 12.478
21233 0.5188 12.478
21234 0.5188 12.478
21235 0.5188 12.478
21236 0.5188 12.478
21237 0.5188 12.478
21238 0.5188 12.478
21239 0.5188 12.478
21240 0.5188 12.478
21241 0.5188 12.478
21242 0.5188 12.478
21243 0.5188 12.478
21244 0.5188 12.478
21245 0.5188 12.478
21246 0.5188 12.478
21247 0.5188 12.478
21248 0.5188 12.478
21249 0.5188 12.478
21250 0.5188 12.478
21251 0.5188 12.478
21252 0.5188 12.478
21253 0.5188 12.478
21254 0.5188 12.478
21255 0.5188 12.478
21256 0.5188 12.478
21257 0.5188 12.478
21258 0.5188 12.478
21259 0.5188 12.478
21260 0.5188 12.478
21261 0.5188 12.478
21262 0.5188 12.478
21263 0.5188 12.478
21264 0.5188 12.478
21265 0.5188 12.478
21266 0.5188 12.478
21267 0.5188 12.478
21268 0.5188 12.478
21269 0.5188 12.478
21270 0.5188 12.478
21271 0.5188 12.478
21272 0.5188 12.478
21273 0.5188 12.478
21274 0.5188 12.478
21275 0.5188 12.478
21276 0.5188 12.478
21277 0.5188 12.478
21278 0.5188 12.478
21279 0.5188 12.478
21280 0.5188 12.478
21281 0.5188 12.478
21282 0.5188 12.478
21283 0.5188 12.478
21284 0.5188 12.478
21285 0.5188 12.478
21286 0.5188 12.478
21287 0.5188 12.478
21288 0.5188 12.478
21289 0.5188 12.478
21290 0.5188 12.478
21291 0.5188 12.478
21292 0.5188 12.478
21293 0.5188 12.478
21294 0.5188 12.478
21295 0.5188 12.478
21296 0.5188 12.478
21297 0.5188 12.478
21298 0.5188 12.478
21299 0.5188 12.478
21300 0.5188 12.478
21301 0.5188 12.478
21302 0.5188 12.478
21303 0.5188 12.478
21304 0.5188 12.478
21305 0.5188 12.478
21306 0.5188 12.478
21307 0.5188 12.478
21308 0.5188 12.478
21309 0.5188 12.478
21310 0.5188 12.478
21311 0.5188 12.478
21312 0.5188 12.478
21313 0.5188 12.478
21314 0.5188 12.478
21315 0.5188 12.478
21316 0.5188 12.478
21317 0.5188 12.478
21318 0.5188 12.478
21319 0.5188 12.478
21320 0.5188 12.478
21321 0.5188 12.478
21322 0.5188 12.478
21323 0.5188 12.478
21324 0.5188 12.478
21325 0.5188 12.478
21326 0.5188 12.478
21327 0.5188 12.478
21328 0.5188 12.478
21329 0.5188 12.478
21330 0.5188 12.478
21331 0.5188 12.478
21332 0.5188 12.478
21333 0.5188 12.478
21334 0.5188 12.478
21335 0.5188 12.478
21336 0.5188 12.478
21337 0.5188 12.478
21338 0.5188 12.478
21339 0.5188 12.478
21340 0.5188 12.478
21341 0.5188 12.478
21342 0.5188 12.478
21343 0.5188 12.478
21344 0.5188 12.478
21345 0.5188 12.478
21346 0.5188 12.478
21347 0.5188 12.478
21348 0.5188 12.478
21349 0.5188 12.478
21350 0.5188 12.478
21351 0.5188 12.478
21352 0.5188 12.478
21353 0.5188 12.478
21354 0.5188 12.478
21355 0.5188 12.478
21356 0.5188 12.478
21357 0.5188 12.478
21358 0.5188 12.478
21359 0.5188 12.478
21360 0.5188 12.478
21361 0.5188 12.478
21362 0.5188 12.478
21363 0.5188 12.478
21364 0.5188 12.478
21365 0.5188 12.478
21366 0.5188 12.478
21367 0.5188 12.478
21368 0.5188 12.478
21369 0.5188 12.478
21370 0.5188 12.478
21371 0.5188 12.478
21372 0.5188 12.478
21373 0.5188 12.478
21374 0.5188 12.478
21375 0.5188 12.478
21376 0.5188 12.478
21377 0.5188 12.478
21378 0.5188 12.478
21379 0.5188 12.478
21380 0.5188 12.478
21381 0.5188 12.478
21382 0.5188 12.478
21383 0.5188 12.478
21384 0.5188 12.478
21385 0.5188 12.478
21386 0.5188 12.478
21387 0.5188 12.478
21388 0.5188 12.478
21389 0.5188 12.478
21390 0.5188 12.478
21391 0.5188 12.478
21392 0.5188 12.478
21393 0.5188 12.478
21394 0.5188 12.478
21395 0.5188 12.478
21396 0.5188 12.478
21397 0.5188 12.478
21398 0.5188 12.478
21399 0.5188 12.478
21400 0.5188 12.478
21401 0.5188 12.478
21402 0.5188 12.478
21403 0.5188 12.478
21404 0.5188 12.478
21405 0.5188 12.478
21406 0.5188 12.478
21407 0.5188 12.478
21408 0.5188 12.478
21409 0.5188 12.478
21410 0.5188 12.478
21411 0.5188 12.478
21412 0.5188 12.478
21413 0.5188 12.478
21414 0.5188 12.478
21415 0.5188 12.478
21416 0.5188 12.478
21417 0.5188 12.478
21418 0.5188 12.478
21419 0.5188 12.478
21420 0.5188 12.478
21421 0.5188 12.478
21422 0.5188 12.478
21423 0.5188 12.478
21424 0.5188 12.478
21425 0.5188 12.478
21426 0.5188 12.478
21427 0.5188 12.478
21428 0.5188 12.478
21429 0.5188 12.478
21430 0.5188 12.478
21431 0.5188 12.478
21432 0.5188 12.478
21433 0.5188 12.478
21434 0.5188 12.478
21435 0.5188 12.478
21436 0.5188 12.478
21437 0.5188 12.478
21438 0.5188 12.478
21439 0.5188 12.478
21440 0.5188 12.478
21441 0.5188 12.478
21442 0.5188 12.478
21443 0.5188 12.478
21444 0.5188 12.478
21445 0.5188 12.478
21446 0.5188 12.478
21447 0.5188 12.478
21448 0.5188 12.478
21449 0.5188 12.478
21450 0.5188 12.478
21451 0.5188 12.478
21452 0.5188 12.478
21453 0.5188 12.478
21454 0.5188 12.478
21455 0.5188 12.478
21456 0.5188 12.478
21457 0.5188 12.478
21458 0.5188 12.478
21459 0.5188 12.478
21460 0.5188 12.478
21461 0.5188 12.478
21462 0.5188 12.478
21463 0.5188 12.478
21464 0.5188 12.478
21465 0.5188 12.478
21466 0.5188 12.478
21467 0.5188 12.478
21468 0.5188 12.478
21469 0.5188 12.478
21470 0.5188 12.478
21471 0.5188 12.478
21472 0.5188 12.478
21473 0.5188 12.478
21474 0.5188 12.478
21475 0.5188 12.478
21476 0.5188 12.478
21477 0.5188 12.478
21478 0.5188 12.478
21479 0.5188 12.478
21480 0.5188 12.478
21481 0.5188 12.478
21482 0.5188 12.478
21483 0.5188 12.478
21484 0.5188 12.478
21485 0.5188 12.478
21486 0.5188 12.478
21487 0.5188 12.478
21488 0.5188 12.478
21489 0.5188 12.478
21490 0.5188 12.478
21491 0.5188 12.478
21492 0.5188 12.478
21493 0.5188 12.478
21494 0.5188 12.478
21495 0.5188 12.478
21496 0.5188 12.478
21497 0.5188 12.478
21498 0.5188 12.478
21499 0.5188 12.478
21500 0.5188 12.478
21501 0.5188 12.478
21502 0.5188 12.478
21503 0.5188 12.478
