Location	X	Y	Z	Angle
A1	183.281694	-102.081525	116.172646	56.731535
A2	178.34691	-102.081525	123.615426	54.37348
A3	173.108541	-102.081525	130.849471	52.015055
A4	167.580882	-102.081525	137.859012	49.657863
A5	161.76687	-102.081525	144.637985	47.299663
A6	155.679303	-102.081525	151.171006	44.941739
A7	148.549752	-102.077525	158.094529	42.317156
A8	141.917522	-102.077525	164.073707	39.95856
A9	135.045813	-102.077525	169.775058	37.600131
A10	127.943481	-102.077525	175.189683	35.24118
A11	120.624281	-102.077525	180.307989	32.882136
A12	113.103104	-102.077525	185.11873	30.523929
A13	105.388642	-102.077525	189.617721	28.165101
A14	96.415516	-102.077525	194.333608	25.487574
A15	88.336186	-102.077525	198.136436	23.128992
A16	80.108078	-102.077525	201.604	20.770577
A17	71.742241	-102.077525	204.730347	18.411639
A18	63.254617	-102.077525	207.510276	16.052607
A19	54.662719	-102.077525	209.937334	13.694413
A20	45.976077	-102.077525	212.010033	11.335595
A21	36.219632	-102.081525	213.897237	8.710839
A22	27.386027	-102.081525	215.206623	6.352171
A23	18.50455	-102.081525	216.150713	3.993131
A24	9.596488	-102.081525	216.729584	1.635322
A25	0.66831	-102.081525	216.941365	-0.723495
A26	-8.259986	-102.081525	216.785281	-3.082037
A27	-18.177787	-102.077525	216.204986	-5.705933
A28	-27.058638	-102.077525	215.273563	-8.064176
A29	-35.893119	-102.077525	213.978291	-10.422251
A30	-44.668691	-102.077525	212.319798	-12.78085
A31	-53.369026	-102.077525	210.301894	-15.139544
A32	-61.975801	-102.077525	207.928129	-17.497402
A33	-70.480091	-102.077525	205.202166	-19.855885
A34	-79.531181	-102.076525	201.848253	-22.40517
A35	-87.767815	-102.076525	198.403512	-24.763174
A36	-95.870466	-102.076525	194.617537	-27.1253
A37	-103.801168	-102.076525	190.507783	-29.484454
B1	181.3241402	-51.3203	108.81005	59.032627
B2	178.611547	-51.320275	113.207712	56.732627
B3	170.0419229	-50.97637953	125.7138971	53.52406849
B4	164.6677994	-50.97637953	132.6757117	51.14100232
B5	159.032361	-50.97637953	139.3805143	48.76774758
B6	153.1106146	-50.97637953	145.8617628	46.38891513
B7	146.2905466	-50.97637953	152.6557738	43.78023066
B8	139.8722218	-50.97637953	158.558059	41.41717399
B9	133.2227839	-50.97637953	164.1844133	39.05662215
B10	126.3774441	-50.97637953	169.5100666	36.70619963
B11	119.2899309	-50.97637953	174.5699619	34.34619963
B12	112.0002881	-50.97637953	179.334031	31.98619963
B13	104.5206529	-50.97637953	183.7938855	29.62619963
B14	96.86371324	-50.97637953	187.9419599	27.26619963
B15	87.52666401	-50.97637953	192.4710519	24.45377863
B16	79.48558377	-50.97637953	195.9256809	22.08202669
B17	71.3315716	-50.97637953	199.0409512	19.71647921
B18	63.01897198	-50.97637953	201.8267446	17.3406045
B19	54.65478349	-50.97637795	204.2509721	14.9806045
B20	46.19775455	-50.97637795	206.3283123	12.6206045
B21	36.4270748	-50.97637795	208.2754743	9.9206045
B22	27.81978477	-50.97637795	209.5988181	7.5606045
B23	19.16530245	-50.97637795	210.5666074	5.2006045
B24	10.47830892	-50.97637795	211.1772005	2.8406045
B25	1.77354044	-50.97637795	211.4295616	0.4806045
B26	-8.18750812	-50.97637795	211.2784174	-2.21922831
B27	-16.88061258	-50.97637795	210.7620694	-4.57922831
B28	-25.54508148	-50.97637795	209.8881935	-6.93922831
B29	-34.16621681	-50.97637795	208.6582723	-9.29922831
B30	-42.72939401	-50.97637795	207.0743921	-11.65922831
B31	-51.2200869	-50.97637795	205.1392397	-14.01922831
B32	-59.62466221	-50.97637953	202.8587176	-16.37922831
B33	-67.97819318	-50.97637953	200.2423313	-18.75130362
B34	-76.90659403	-50.97637953	197.0268609	-21.32247066
B35	-84.95270073	-50.97637795	193.6886384	-23.68247066
B36	-92.59940638	-50.97637953	190.1580202	-25.96424348
B37	-100.3484426	-50.97637953	186.1785166	-28.32424348
C1	184.548352	-1.531496063	114.1529928	58.261
C2	179.6912159	-1.531496063	121.6555256	55.901
C3	174.5292593	-1.531496063	128.9516872	53.541
C4	169.0947186	-1.531496063	135.9993817	51.191
C5	163.3728376	-1.531496063	142.8222737	48.8397
C6	157.2965607	-1.531496063	149.4876325	46.4581
C7	150.1110159	-1.531496063	156.6141868	43.7854
C8	143.5441668	-1.531496063	162.6534344	41.4289
C9	136.6826653	-1.531496063	168.4617413	39.0544
C10	129.6076347	-1.531496063	173.9624421	36.6873
C11	122.343589	-1.531496063	179.1460851	34.3302
C12	114.8097335	-1.531496063	184.0640762	31.9538
C13	107.0644686	-1.531496063	188.6775811	29.5726
C14	98.09878104	-1.531496063	193.4913016	26.8847
C15	89.94432829	-1.531496063	197.4122928	24.4948
C16	81.68282775	-1.531496063	200.9703412	22.1189
C17	73.33634318	-1.531496063	204.1633946	19.7585
C18	64.91908597	-1.531496063	206.9975207	17.4126
C19	56.40178407	-1.531496063	209.476148	15.0696
C20	47.76639406	-1.531496063	211.6117614	12.72
C21	37.60507423	-1.531496063	213.6580176	9.98215784
C22	28.8997488	-1.531496063	215.0085776	7.65536244
C23	20.13514264	-1.531496063	216.0105943	5.32536244
C24	11.33659289	-1.531496063	216.6506	2.99536244
C25T	6.9293778	16.995	216.8363082	1.83036244
C26T	-1.891823392	16.995	216.9387513	-0.49963756
C25B	6.9293778	-18.46	216.8363082	1.83036244
C26B	-1.891823392	-18.46	216.9387513	-0.49963756
C27	-16.64626995	-1.531496063	216.328488	-4.4001843
C28	-25.91434022	-1.531496063	215.4148556	-6.8597
C29	-34.76273992	-1.531496063	214.1650414	-9.2197
C30	-43.55195998	-1.531496063	212.5509037	-11.5797
C31	-52.27617516	-1.531496063	210.5777328	-13.9419
C32	-61.14311785	-1.531496063	208.1756837	-16.368
C33	-69.76446445	-1.531496063	205.4452663	-18.7563
C34	-78.72475964	-1.531496063	202.1718778	-21.2757
C35	-87.06709901	-1.531496063	198.7174418	-23.6604
C36	-95.11769493	-1.531496063	194.9908069	-26.0034
C37	-103.0205424	-1.531496063	190.936146	-28.3493
D1	179.9647668	48.38976378	111.048731	58.323
D2	175.2393461	48.38976378	118.3651534	55.963
D3	170.2162515	48.38976378	125.4804874	53.603
D4	164.9292248	48.38976339	132.3536549	51.25338983
D5	159.308735	48.38976339	139.0690472	48.88056701
D6	153.4480201	48.38976339	145.5125472	46.52047601
D7	146.5188489	48.38976339	152.4389023	43.86555961
D8	140.091459	48.38976339	158.3658291	41.49618627
D9	133.5905676	48.38976339	163.8859998	39.18496575
D10	126.5987599	48.38976339	169.3448322	36.78104403
D11	119.5184318	48.38976339	174.4148117	34.42104403
D12	112.234984	48.38976339	179.1884217	32.06104403
D13	104.7611456	48.38976339	183.658064	29.70104403
D14	95.70705578	48.38976339	188.5347225	26.914
D15	87.93082999	48.38976378	192.2880788	24.574
D16	80.02232864	48.38976378	195.7078298	22.239
D17	71.95145627	48.38976378	198.8179118	19.895
D18	63.75605681	48.38976378	201.5947789	17.55
D19	55.47184189	48.38976378	204.029549	15.21
D20	47.09519156	48.38976378	206.1242951	12.87
D21	38.79272903	48.38976378	207.8850394	10.5702
D22	30.85048205	48.38976378	209.2096105	8.3885
D23	22.24594834	48.38976378	210.2966445	6.0385
D24	13.60429067	48.38976378	211.0319506	3.6885
D25	4.939750401	48.38976378	211.412298	1.3385
D26	-3.733098599	48.38976378	211.4370471	-1.0115
D27	-17.8212111	48.38976378	210.6836171	-4.835
D28	-26.44503933	48.38976378	209.7756945	-7.185
D29	-35.02438664	48.38976378	208.5149262	-9.535
D30	-43.54482244	48.38976378	206.9034329	-11.885
D31	-51.99201525	48.38976378	204.9439251	-14.235
D32	-60.35185867	48.38976378	202.640041	-16.585
D33	-68.51599967	48.38976378	200.027718	-18.908
D34	-77.23632773	48.38976378	196.9017705	-21.418
D35	-85.23889127	48.38976378	193.5734618	-23.766
D36	-93.11424167	48.38976378	189.910386	-26.119
D37	-100.8552377	48.38976378	185.9147065	-28.479
E1	183.284299	99.4531	116.174667	56.731452
E2	178.349417	99.4531	123.617601	54.373385
E3	173.111041	99.4531	130.851656	52.014993
E4	167.583375	99.4531	137.861205	49.657834
E5	161.769356	99.4531	144.640187	47.299668
E6	155.681781	99.4531	151.173215	44.941776
E7	148.552435	99.4531	158.092905	42.317966
E8	141.920195	99.4531	164.07209	39.959373
E9	135.048478	99.4531	169.773448	37.600947
E10	127.946138	99.4531	175.18808	35.241996
E11	120.626928	99.4531	180.306392	32.882951
E12	113.105741	99.4531	185.117139	30.524743
E13	105.391271	99.4531	189.616136	28.165911
E14	96.418554	99.4531	194.33283	25.488384
E15	88.339214	99.4531	198.135663	23.129806
E16	80.111096	99.4531	201.603231	20.771393
E17	71.745248	99.4531	204.729581	18.412455
E18	63.257614	99.4531	207.509514	16.053423
E19	54.665704	99.4531	209.936575	13.695226
E20	45.979051	99.4531	212.009277	11.336405
E21	45.979051	99.4531	212.009277	11.336405
E22	27.447678	99.4531	215.205237	6.368369
E23	18.56624	99.4531	216.149793	4.009385
E24	9.658196	99.4531	216.729131	1.651609
E25	0.730019	99.4531	216.94138	-0.707198
E26	-8.198297	99.4531	216.785764	-3.065751
E27	-18.174786	99.4531	216.205893	-5.705123
E28	-27.055648	99.4531	215.27447	-8.063362
E29	-35.89014	99.4531	213.979195	-10.421436
E30	-44.665723	99.4531	212.320701	-12.780034
E31	-53.366069	99.4531	210.302795	-15.138729
E32	-61.972854	99.4531	207.929027	-17.496588
E33	-70.477155	99.4531	205.20306	-19.855075
E34	-79.53256	99.4531	201.851251	-22.405218
E35	-87.769205	99.4531	198.406506	-24.76319
E36	-95.871866	99.4531	194.620526	-27.125282
E37	-103.802578	99.4531	190.510767	-29.484404
