Location	Xsci	Ysci	Zsci	Radius	Phi_sci	2Theta_sci	Zrot_sci	Yrot_sci	Xrot_sci
B1	2283.198311	-1100.914995	-2142.266875	3318.782264	-25.74248461	130.2030141	0	-46.824	0
B2	2427.901775	-1100.914995	-1976.763734	3318.782264	-24.39158178	126.5575017	0	-50.848	0
B3	2560.634437	-1100.914995	-1801.514132	3318.782264	-23.26472461	122.8760775	0	-54.872	0
B4	2680.741856	-1100.914995	-1617.382141	3318.782264	-22.32675472	119.1660312	0	-58.896	0
B5	2787.631841	-1100.914995	-1425.275625	3318.782264	-21.55047136	115.4331307	0	-62.92	0
B6	2880.77737	-1100.914995	-1226.141768	3318.782264	-20.91480635	111.6820295	0	-66.944	0
B7	2959.719186	-1100.914995	-1020.962403	3318.782264	-20.40349128	107.9165594	0	-70.968	0
B8	3043.615386	-1100.914995	-733.966806	3318.782264	-19.8857117	102.7769076	0	-76.442	0
B9	3087.617718	-1100.914995	-518.5737303	3318.782264	-19.62410265	98.98954408	0	-80.466	0
B10	3116.39651	-1100.914995	-300.6238197	3318.782264	-19.45655101	95.19712267	0	-84.49	0
B11	3129.809866	-1100.914995	-81.19167936	3318.782264	-19.37939397	91.4018409	0	-88.514	0
B12	3127.791653	-1100.914995	138.6407777	3318.782264	-19.39096562	87.60579544	0	-92.538	0
B13	3110.35182	-1100.914995	357.7896645	3318.782264	-19.49151497	83.81105629	0	-96.562	0
B14	3077.576356	-1100.914995	575.1744645	3318.782264	-19.68321815	80.01973914	0	-100.586	0
B15	2984.903432	-1100.914995	944.8033601	3318.782264	-20.24537014	73.46005463	0	-107.564	0
B16	2911.24394	-1100.914995	1151.937765	3318.782264	-20.71459549	69.69017239	0	-111.588	0
B17	2823.230519	-1100.914995	1353.392524	3318.782264	-21.30323101	65.93342118	0	-115.612	0
B18	2721.297122	-1100.914995	1548.174364	3318.782264	-22.02605177	62.1933904	0	-119.636	0
B19	2605.946333	-1100.914995	1735.322908	3318.782264	-22.90224195	58.4744045	0	-123.66	0
B20	2477.746891	-1100.914995	1913.91542	3318.782264	-23.95658288	54.78178465	0	-127.684	0
B21	2337.330883	-1100.914995	2083.071346	3318.782264	-25.22108058	51.12220906	0	-131.708	0
B22	2127.95909	-1100.914995	2296.539135	3318.782264	-27.35511172	46.21275617	0	-137.182	0
B23	1961.555038	-1100.914995	2440.205672	3318.782264	-29.30314641	42.66984621	0	-141.206	0
B24	1785.479512	-1100.914995	2571.840742	3318.782264	-31.65771228	39.2008545	0	-145.23	0
B25	1600.600655	-1100.914995	2690.795316	3318.782264	-34.52072459	35.82799584	0	-149.254	0
B26	1407.830015	-1100.914995	2796.482887	3318.782264	-38.02520351	32.58183281	0	-153.278	0
B27	1208.11805	-1100.914995	2888.382361	3318.782264	-42.34179853	29.50486188	0	-157.302	0
B28	868.0241278	-1100.914995	3008.128322	3318.782264	-51.74574021	24.98814616	0	-163.904	0
B29	654.7908471	-1100.914995	3061.625522	3318.782264	-59.25710193	22.70346805	0	-167.928	0
B30	438.3291113	-1100.914995	3100.027335	3318.782264	-68.29003437	20.91905447	0	-171.952	0
B31	219.7061878	-1100.914995	3123.144422	3318.782264	-78.71393015	19.77113239	0	-175.976	0
B32	-4.85335E-13	-1100.914995	3130.862803	3318.782264	-90	19.37336211	0	-180.	0
B33	-219.7061878	-1100.914995	3123.144422	3318.782264	-101.2860699	19.77113239	0	-184.024	0
B34	-438.3291113	-1100.914995	3100.027335	3318.782264	-111.7099656	20.91905447	0	-188.048	0
B35	-751.4845015	-1100.914995	3039.337581	3318.782264	-124.3174425	23.68054393	0	-193.888	0
B36	-962.9153663	-1100.914995	2979.109915	3318.782264	-131.1745674	26.14893435	0	-197.912	0
B37	-1169.598564	-1100.914995	2904.193707	3318.782264	-136.7326824	28.94577887	0	-201.936	0
B38	-1370.51504	-1100.914995	2814.958333	3318.782264	-141.2255884	31.98464065	0	-205.96	0
M1	2147.226726	-50	-2081.970488	2991.267912	-1.333939876	134.1082389	0	-45.884	0
M2	2294.341954	-50	-1918.639811	2991.267912	-1.248434472	129.8973063	0	-50.096	0
M3	2429.06368	-50	-1744.945088	2991.267912	-1.179213412	125.6862498	0	-54.308	0
M4	2550.664171	-50	-1561.824578	2991.267912	-1.123010291	121.4750986	0	-58.52	0
M5	2658.486567	-50	-1370.267455	2991.267912	-1.077474416	117.2638741	0	-62.732	0
M6	2751.948437	-50	-1171.308466	2991.267912	-1.040889345	113.052593	0	-66.944	0
M7	2830.544922	-50	-966.0223417	2991.267912	-1.011992793	108.8412681	0	-71.156	0
M8	2905.188051	-50	-710.6800324	2991.267912	-0.985996817	103.7440418	0	-76.254	0
M9	2949.538845	-50	-495.3830107	2991.267912	-0.97117372	99.53265557	0	-80.466	0
M10	2977.956915	-50	-277.4100453	2991.267912	-0.961907745	95.32125431	0	-84.678	0
M11	2990.288756	-50	-57.93857532	2991.267912	-0.957941614	91.1098449	0	-88.89	0
M12	2986.467753	-50	161.8458653	2991.267912	-0.959167013	86.89843381	0	-93.102	0
M13	2966.514546	-50	380.7560522	2991.267912	-0.965617292	82.68702743	0	-97.314	0
M14	2930.536918	-50	597.6094836	2991.267912	-0.9774697	78.47563238	0	-101.526	0
M15	2865.840909	-50	855.6515693	2991.267912	-0.999531532	73.37838998	0	-106.624	0
M16	2795.255503	-50	1063.828179	2991.267912	-1.024766248	69.16704648	0	-110.836	0
M17	2709.570778	-50	1266.258237	2991.267912	-1.057165177	64.95574083	0	-115.048	0
M18	2609.249582	-50	1461.848262	2991.267912	-1.097801612	60.74448466	0	-119.26	0
M19	2494.833827	-50	1649.541724	2991.267912	-1.14813479	56.5332925	0	-123.472	0
M20	2366.94156	-50	1828.324745	2991.267912	-1.210153649	52.32218301	0	-127.684	0
M21	2226.263627	-50	1997.231581	2991.267912	-1.2865985	48.11118091	0	-131.896	0
M22	2039.983845	-50	2187.155604	2991.267912	-1.404038334	43.01458164	0	-136.994	0
M23	1873.833909	-50	2331.079193	2991.267912	-1.528475574	38.80395707	0	-141.206	0
M24	1697.561959	-50	2462.410834	2991.267912	-1.687102466	34.59360976	0	-145.418	0
M25	1512.120175	-50	2580.441106	2991.267912	-1.893861094	30.38365751	0	-149.63	0
M26	1318.510269	-50	2684.532435	2991.267912	-2.1717062	26.1742934	0	-153.842	0
M27	1117.778078	-50	2774.122544	2991.267912	-2.561224441	21.96585801	0	-158.054	0
M28	866.8491143	-50	2862.473814	2991.267912	-3.301172261	16.87441314	0	-163.152	0
M29	654.2675337	-50	2918.410135	2991.267912	-4.370125812	12.67165669	0	-167.364	0
M30	438.1517523	-50	2958.581884	2991.267912	-6.510186842	8.477880891	0	-171.576	0
M31	219.669177	-50	2982.772062	2991.267912	-12.82291233	4.319328509	0	-175.788	0
M32B	0.	-344.678547	2990.851216	3010.646823	-90	6.57401053	0.	-180.	0.
M32A	0.	294.7042321	2990.84944	3005.333751	90	5.627490639	0.	-180.	0.
M33	-219.669177	-50	2982.772062	2991.267912	-167.1770877	4.319328509	0	-184.212	0
M34	-438.1517523	-50	2958.581884	2991.267912	-173.4898132	8.477880891	0	-188.424	0
M35	-699.3166885	-50	2907.944272	2991.267912	-175.9104046	13.55524612	0	-193.522	0
M36	-911.0079095	-50	2848.72749	2991.267912	-176.858515	17.75901409	0	-197.734	0
M37	-1117.778078	-50	2774.122544	2991.267912	-177.4387756	21.96585801	0	-201.946	0
M38	-1318.510269	-50	2684.532435	2991.267912	-177.8282938	26.1742934	0	-206.158	0
T1	2283.198732	996.3571453	-2142.26727	3285.579563	23.57580753	130.6941596	0	-46.824	0
T2	2427.902223	996.3571453	-1976.764098	3285.579563	22.31215739	126.988056	0	-50.848	0
T3	2560.634909	996.3571453	-1801.514464	3285.579563	21.26128559	123.2511143	0	-54.872	0
T4	2680.742351	996.3571453	-1617.382439	3285.579563	20.38869592	119.489695	0	-58.896	0
T5	2787.632355	996.3571453	-1425.275888	3285.579563	19.66793461	115.7087955	0	-62.92	0
T6	2880.777901	996.3571453	-1226.141994	3285.579563	19.07865672	111.9124232	0	-66.944	0
T7	2959.719732	996.3571453	-1020.962591	3285.579563	18.60524106	108.1038613	0	-70.968	0
T8	3043.615947	996.3571453	-733.9669414	3285.579563	18.12636022	102.9082461	0	-76.442	0
T9	3087.618288	996.3571453	-518.5738259	3285.579563	17.88460002	99.08115483	0	-80.466	0
T10	3116.397085	996.3571453	-300.6238752	3285.579563	17.72982873	95.24979033	0	-84.49	0
T11	3129.810444	996.3571453	-81.19169433	3285.579563	17.65857468	91.41601045	0	-88.514	0
T12	3127.79223	996.3571453	138.6408033	3285.579563	17.66926032	87.58158585	0	-92.538	0
T13	3110.352394	996.3571453	357.7897305	3285.579563	17.7621214	83.74826411	0	-96.562	0
T14	3077.576923	996.3571453	575.1745706	3285.579563	17.93921896	79.91783232	0	-100.586	0
T15	2984.903983	996.3571453	944.8035343	3285.579563	18.45894398	73.28802554	0	-107.564	0
T16	2911.244476	996.3571453	1151.937977	3285.579563	18.89322423	69.47572519	0	-111.588	0
T17	2823.23104	996.3571453	1353.392774	3285.579563	19.43863912	65.67455708	0	-115.612	0
T18	2721.297624	996.3571453	1548.174649	3285.579563	20.10935087	61.88759165	0	-119.636	0
T19	2605.946814	996.3571453	1735.323228	3285.579563	20.92384411	58.11854575	0	-123.66	0
T20	2477.747347	996.3571453	1913.915773	3285.579563	21.90615298	54.37201882	0	-127.684	0
T21	2337.331314	996.3571453	2083.07173	3285.579563	23.08757255	50.65382209	0	-131.708	0
T22	2127.959483	996.3571453	2296.539559	3285.579563	25.09002082	45.65513554	0	-137.182	0
T23	1961.5554	996.3571453	2440.206122	3285.579563	26.92794592	42.03791416	0	-141.206	0
T24	1785.479841	996.3571453	2571.841216	3285.579563	29.1629706	38.48543507	0	-145.23	0
T25	1600.600951	996.3571453	2690.795812	3285.579563	31.9018266	35.01803732	0	-149.254	0
T26	1407.830275	996.3571453	2796.483403	3285.579563	35.2880096	31.66427963	0	-153.278	0
T27	1208.118273	996.3571453	2888.382894	3285.579563	39.51302333	28.46491921	0	-157.302	0
T28	868.0242879	996.3571453	3008.128877	3285.579563	48.93768724	23.71532879	0	-163.904	0
T29	654.7909678	996.3571453	3061.626086	3285.579563	56.68768294	21.27692414	0	-167.928	0
T30	438.3291921	996.3571453	3100.027907	3285.579563	66.25377937	19.34770394	0	-171.952	0
T31	219.7062283	996.3571453	3123.144998	3285.579563	77.56473925	18.09158208	0	-175.976	0
T32	-4.85335E-13	996.3571453	3130.86338	3285.579563	90	17.65300477	0	-180.	0
T33	-219.7062283	996.3571453	3123.144998	3285.579563	102.4352608	18.09158208	0	-184.024	0
T34	-438.3291921	996.3571453	3100.027907	3285.579563	113.7462206	19.34770394	0	-188.048	0
T35	-751.48464	996.3571453	3039.338142	3285.579563	127.0247744	22.3235181	0	-193.888	0
T36	-962.9155438	996.3571453	2979.110464	3285.579563	134.0221491	24.94365262	0	-197.912	0
T37	-1169.598779	996.3571453	2904.194243	3285.579563	139.5730055	27.88091492	0	-201.936	0
T38	-1370.515292	996.3571453	2814.958852	3285.579563	143.9830526	31.04508776	0	-205.96	0
